{
  "test_indices": [
    701,
    702,
    703,
    704,
    705,
    706,
    707
  ],
  "train_indices": [
    1,
    2,
    3,
    4,
    5,
    6,
    7,
    8,
    9,
    10,
    11,
    12,
    13,
    14,
    15,
    16,
    17,
    18,
    19,
    20,
    21,
    22,
    23,
    24,
    25,
    26,
    27,
    28,
    29,
    30,
    31,
    32,
    33,
    34,
    35,
    36,
    37,
    38,
    39,
    40,
    41,
    42,
    43,
    44,
    45,
    46,
    47,
    48,
    49,
    50,
    51,
    52,
    53,
    54,
    55,
    56,
    57,
    58,
    59,
    60,
    61,
    62,
    63,
    64,
    65,
    66,
    67,
    68,
    69,
    70,
    71,
    72,
    73,
    74,
    75,
    76,
    77,
    78,
    79,
    80,
    81,
    82,
    83,
    84,
    85,
    86,
    87,
    88,
    89,
    90,
    91,
    92,
    93,
    94,
    95,
    96,
    97,
    98,
    99,
    100,
    101,
    102,
    103,
    104,
    105,
    106,
    107,
    108,
    109,
    110,
    111,
    112,
    113,
    114,
    115,
    116,
    117,
    118,
    119,
    120,
    121,
    122,
    123,
    124,
    125,
    126,
    127,
    128,
    129,
    130,
    131,
    132,
    133,
    134,
    135,
    136,
    137,
    138,
    139,
    140,
    141,
    142,
    143,
    144,
    145,
    146,
    147,
    148,
    149,
    150,
    151,
    152,
    153,
    154,
    155,
    156,
    157,
    158,
    159,
    160,
    161,
    162,
    163,
    164,
    165,
    166,
    167,
    168,
    169,
    170,
    171,
    172,
    173,
    174,
    175,
    176,
    177,
    178,
    179,
    180,
    181,
    182,
    183,
    184,
    185,
    186,
    187,
    188,
    189,
    190,
    191,
    192,
    193,
    194,
    195,
    196,
    197,
    198,
    199,
    200,
    201,
    202,
    203,
    204,
    205,
    206,
    207,
    208,
    209,
    210,
    211,
    212,
    213,
    214,
    215,
    216,
    217,
    218,
    219,
    220,
    221,
    222,
    223,
    224,
    225,
    226,
    227,
    228,
    229,
    230,
    231,
    232,
    233,
    234,
    235,
    236,
    237,
    238,
    239,
    240,
    241,
    242,
    243,
    244,
    245,
    246,
    247,
    248,
    249,
    250,
    251,
    252,
    253,
    254,
    255,
    256,
    257,
    258,
    259,
    260,
    261,
    262,
    263,
    264,
    265,
    266,
    267,
    268,
    269,
    270,
    271,
    272,
    273,
    274,
    275,
    276,
    277,
    278,
    279,
    280,
    281,
    282,
    283,
    284,
    285,
    286,
    287,
    288,
    289,
    290,
    291,
    292,
    293,
    294,
    295,
    296,
    297,
    298,
    299,
    300,
    301,
    302,
    303,
    304,
    305,
    306,
    307,
    308,
    309,
    310,
    311,
    312,
    313,
    314,
    315,
    316,
    317,
    318,
    319,
    320,
    321,
    322,
    323,
    324,
    325,
    326,
    327,
    328,
    329,
    330,
    331,
    332,
    333,
    334,
    335,
    336,
    337,
    338,
    339,
    340,
    341,
    342,
    343,
    344,
    345,
    346,
    347,
    348,
    349,
    350,
    351,
    352,
    353,
    354,
    355,
    356,
    357,
    358,
    359,
    360,
    361,
    362,
    363,
    364,
    365,
    366,
    367,
    368,
    369,
    370,
    371,
    372,
    373,
    374,
    375,
    376,
    377,
    378,
    379,
    380,
    381,
    382,
    383,
    384,
    385,
    386,
    387,
    388,
    389,
    390,
    391,
    392,
    393,
    394,
    395,
    396,
    397,
    398,
    399,
    400,
    401,
    402,
    403,
    404,
    405,
    406,
    407,
    408,
    409,
    410,
    411,
    412,
    413,
    414,
    415,
    416,
    417,
    418,
    419,
    420,
    421,
    422,
    423,
    424,
    425,
    426,
    427,
    428,
    429,
    430,
    431,
    432,
    433,
    434,
    435,
    436,
    437,
    438,
    439,
    440,
    441,
    442,
    443,
    444,
    445,
    446,
    447,
    448,
    449,
    450,
    451,
    452,
    453,
    454,
    455,
    456,
    457,
    458,
    459,
    460,
    461,
    462,
    463,
    464,
    465,
    466,
    467,
    468,
    469,
    470,
    471,
    472,
    473,
    474,
    475,
    476,
    477,
    478,
    479,
    480,
    481,
    482,
    483,
    484,
    485,
    486,
    487,
    488,
    489,
    490,
    491,
    492,
    493,
    494,
    495,
    496,
    497,
    498,
    499,
    500,
    501,
    502,
    503,
    504,
    505,
    506,
    507,
    508,
    509,
    510,
    511,
    512,
    513,
    514,
    515,
    516,
    517,
    518,
    519,
    520,
    521,
    522,
    523,
    524,
    525,
    526,
    527,
    528,
    529,
    530,
    531,
    532,
    533,
    534,
    535,
    536,
    537,
    538,
    539,
    540,
    541,
    542,
    543,
    544,
    545,
    546,
    547,
    548,
    549,
    550,
    551,
    552,
    553,
    554,
    555,
    556,
    557,
    558,
    559,
    560,
    561,
    562,
    563,
    564,
    565,
    566,
    567,
    568,
    569,
    570,
    571,
    572,
    573,
    574,
    575,
    576,
    577,
    578,
    579,
    580,
    581,
    582,
    583,
    584,
    585,
    586,
    587,
    588,
    589,
    590,
    591,
    592,
    593,
    594,
    595,
    596,
    597,
    598,
    599,
    600,
    601,
    602,
    603,
    604,
    605,
    606,
    607,
    608,
    609,
    610,
    611,
    612,
    613,
    614,
    615,
    616,
    617,
    618,
    619,
    620,
    621,
    622,
    623,
    624,
    625,
    626,
    627,
    628,
    629,
    630,
    631,
    632,
    633,
    634,
    635,
    636,
    637,
    638,
    639,
    640,
    641,
    642,
    643,
    644,
    645,
    646,
    647,
    648,
    649,
    650,
    651,
    652,
    653,
    654,
    655,
    656,
    657,
    658,
    659,
    660,
    661,
    662,
    663,
    664,
    665,
    666,
    667,
    668,
    669,
    670,
    671,
    672,
    673,
    674,
    675,
    676,
    677,
    678,
    679,
    680,
    681,
    682,
    683,
    684,
    685,
    686,
    687,
    688,
    689,
    690,
    691,
    692,
    693,
    694,
    695,
    696,
    697,
    698,
    699,
    700
  ],
  "radar2worlds": [
    [
      [
        0.9968370118657088,
        -0.07782356380016253,
        -0.01610790775011446,
        3566661.8293969543
      ],
      [
        0.07855881808401866,
        0.9955726765681139,
        0.05160966743007794,
        5275697.868556678
      ],
      [
        0.012020144586743883,
        -0.05271184485903731,
        0.9985374191965317,
        -356621.9964681226
      ],
      [
        0.0,
        0.0,
        0.0,
        1.0
      ]
    ],
    [
      [
        0.9968370118657088,
        -0.07782356380016253,
        -0.01610790775011446,
        3566661.8293969543
      ],
      [
        0.07855881808401866,
        0.9955726765681139,
        0.05160966743007794,
        5275697.868556678
      ],
      [
        0.012020144586743883,
        -0.05271184485903731,
        0.9985374191965317,
        -356621.9964681226
      ],
      [
        0.0,
        0.0,
        0.0,
        1.0
      ]
    ],
    [
      [
        0.9970713956769547,
        -0.07486276139407115,
        -0.015626864025252943,
        3566661.8555020927
      ],
      [
        0.07557548650361447,
        0.9958077670016008,
        0.05152899202417284,
        5275697.878417903
      ],
      [
        0.011703749935442133,
        -0.05255909184660301,
        0.9985492296835989,
        -356621.97092842625
      ],
      [
        0.0,
        0.0,
        0.0,
        1.0
      ]
    ],
    [
      [
        0.9970713956769547,
        -0.07486276139407115,
        -0.015626864025252943,
        3566661.8555020927
      ],
      [
        0.07557548650361447,
        0.9958077670016008,
        0.05152899202417284,
        5275697.878417903
      ],
      [
        0.011703749935442133,
        -0.05255909184660301,
        0.9985492296835989,
        -356621.97092842625
      ],
      [
        0.0,
        0.0,
        0.0,
        1.0
      ]
    ],
    [
      [
        0.9973035417636825,
        -0.07177829537202074,
        -0.015281423333612633,
        3566661.8800592287
      ],
      [
        0.07247532759641698,
        0.9960447128151814,
        0.05140288866118609,
        5275697.886686823
      ],
      [
        0.0115313691904377,
        -0.05237180908092825,
        0.9985610753169702,
        -356621.93902988615
      ],
      [
        0.0,
        0.0,
        0.0,
        1.0
      ]
    ],
    [
      [
        0.9973035417636825,
        -0.07177829537202074,
        -0.015281423333612633,
        3566661.8800592287
      ],
      [
        0.07247532759641698,
        0.9960447128151814,
        0.05140288866118609,
        5275697.886686823
      ],
      [
        0.0115313691904377,
        -0.05237180908092825,
        0.9985610753169702,
        -356621.93902988615
      ],
      [
        0.0,
        0.0,
        0.0,
        1.0
      ]
    ],
    [
      [
        0.997527398712225,
        -0.06867364778492833,
        -0.014933817942289861,
        3566661.890212278
      ],
      [
        0.06935427893510492,
        0.9962765197550798,
        0.05121601485958999,
        5275697.885785508
      ],
      [
        0.011361021600785374,
        -0.0521251022504291,
        0.9985759364733204,
        -356621.9161996197
      ],
      [
        0.0,
        0.0,
        0.0,
        1.0
      ]
    ],
    [
      [
        0.997527398712225,
        -0.06867364778492833,
        -0.014933817942289861,
        3566661.890212278
      ],
      [
        0.06935427893510492,
        0.9962765197550798,
        0.05121601485958999,
        5275697.885785508
      ],
      [
        0.011361021600785374,
        -0.0521251022504291,
        0.9985759364733204,
        -356621.9161996197
      ],
      [
        0.0,
        0.0,
        0.0,
        1.0
      ]
    ],
    [
      [
        0.9977490681093213,
        -0.0654476116339591,
        -0.014608463929911959,
        3566661.923295933
      ],
      [
        0.06611480514407839,
        0.9964991776855948,
        0.05116855882955791,
        5275697.893253729
      ],
      [
        0.011208462327260645,
        -0.05201921763486882,
        0.9985831819978317,
        -356621.87357546465
      ],
      [
        0.0,
        0.0,
        0.0,
        1.0
      ]
    ],
    [
      [
        0.9977490681093213,
        -0.0654476116339591,
        -0.014608463929911959,
        3566661.923295933
      ],
      [
        0.06611480514407839,
        0.9964991776855948,
        0.05116855882955791,
        5275697.893253729
      ],
      [
        0.011208462327260645,
        -0.05201921763486882,
        0.9985831819978317,
        -356621.87357546465
      ],
      [
        0.0,
        0.0,
        0.0,
        1.0
      ]
    ],
    [
      [
        0.9979654838507726,
        -0.06214221738993831,
        -0.014256151667097167,
        3566661.9534822293
      ],
      [
        0.06279294239719554,
        0.99672463973007,
        0.05096115128276607,
        5275697.89498916
      ],
      [
        0.011042618692869474,
        -0.051752655707935774,
        0.9985988800312066,
        -356621.8309336404
      ],
      [
        0.0,
        0.0,
        0.0,
        1.0
      ]
    ],
    [
      [
        0.9979654838507726,
        -0.06214221738993831,
        -0.014256151667097167,
        3566661.9534822293
      ],
      [
        0.06279294239719554,
        0.99672463973007,
        0.05096115128276607,
        5275697.89498916
      ],
      [
        0.011042618692869474,
        -0.051752655707935774,
        0.9985988800312066,
        -356621.8309336404
      ],
      [
        0.0,
        0.0,
        0.0,
        1.0
      ]
    ],
    [
      [
        0.9981790222394347,
        -0.05867418975931964,
        -0.013999250594708548,
        3566661.9806722724
      ],
      [
        0.059313186938210985,
        0.9969505254631251,
        0.05071090251643648,
        5275697.893257495
      ],
      [
        0.010981139119368901,
        -0.05144889925825466,
        0.9986152539135155,
        -356621.793643808
      ],
      [
        0.0,
        0.0,
        0.0,
        1.0
      ]
    ],
    [
      [
        0.9981790222394347,
        -0.05867418975931964,
        -0.013999250594708548,
        3566661.9806722724
      ],
      [
        0.059313186938210985,
        0.9969505254631251,
        0.05071090251643648,
        5275697.893257495
      ],
      [
        0.010981139119368901,
        -0.05144889925825466,
        0.9986152539135155,
        -356621.793643808
      ],
      [
        0.0,
        0.0,
        0.0,
        1.0
      ]
    ],
    [
      [
        0.9983908554777595,
        -0.05507103799771441,
        -0.013523330663761532,
        3566661.98529954
      ],
      [
        0.0556886766991082,
        0.9971658349331181,
        0.050587240779067975,
        5275697.898013951
      ],
      [
        0.010699111453262827,
        -0.051258934986902434,
        0.9986280842226093,
        -356621.76005491393
      ],
      [
        0.0,
        0.0,
        0.0,
        1.0
      ]
    ],
    [
      [
        0.9983908554777595,
        -0.05507103799771441,
        -0.013523330663761532,
        3566661.98529954
      ],
      [
        0.0556886766991082,
        0.9971658349331181,
        0.050587240779067975,
        5275697.898013951
      ],
      [
        0.010699111453262827,
        -0.051258934986902434,
        0.9986280842226093,
        -356621.76005491393
      ],
      [
        0.0,
        0.0,
        0.0,
        1.0
      ]
    ],
    [
      [
        0.9985885963950736,
        -0.0514434116366035,
        -0.013205701378708842,
        3566662.004687714
      ],
      [
        0.052047223799170816,
        0.9973721151795447,
        0.050397920166213,
        5275697.8961829245
      ],
      [
        0.010578357363773092,
        -0.0510141084550923,
        0.9986419073391705,
        -356621.71823781246
      ],
      [
        0.0,
        0.0,
        0.0,
        1.0
      ]
    ],
    [
      [
        0.9985885963950736,
        -0.0514434116366035,
        -0.013205701378708842,
        3566662.004687714
      ],
      [
        0.052047223799170816,
        0.9973721151795447,
        0.050397920166213,
        5275697.8961829245
      ],
      [
        0.010578357363773092,
        -0.0510141084550923,
        0.9986419073391705,
        -356621.71823781246
      ],
      [
        0.0,
        0.0,
        0.0,
        1.0
      ]
    ],
    [
      [
        0.9987830717916805,
        -0.0476602155424242,
        -0.012683822642413328,
        3566662.0302914456
      ],
      [
        0.048239722517711824,
        0.997574858931856,
        0.05017300069261779,
        5275697.885042423
      ],
      [
        0.010261806555801795,
        -0.050723807837512805,
        0.9986599975190125,
        -356621.66282766644
      ],
      [
        0.0,
        0.0,
        0.0,
        1.0
      ]
    ],
    [
      [
        0.9987830717916805,
        -0.0476602155424242,
        -0.012683822642413328,
        3566662.0302914456
      ],
      [
        0.048239722517711824,
        0.997574858931856,
        0.05017300069261779,
        5275697.885042423
      ],
      [
        0.010261806555801795,
        -0.050723807837512805,
        0.9986599975190125,
        -356621.66282766644
      ],
      [
        0.0,
        0.0,
        0.0,
        1.0
      ]
    ],
    [
      [
        0.9989598088889067,
        -0.04391411984690977,
        -0.012282113120729833,
        3566662.0898506045
      ],
      [
        0.04447468004110724,
        0.9977653059558179,
        0.049863785116398905,
        5275697.8999000685
      ],
      [
        0.01006494212006687,
        -0.050358160301628506,
        0.9986805057830834,
        -356621.60765281273
      ],
      [
        0.0,
        0.0,
        0.0,
        1.0
      ]
    ],
    [
      [
        0.9989598088889067,
        -0.04391411984690977,
        -0.012282113120729833,
        3566662.0898506045
      ],
      [
        0.04447468004110724,
        0.9977653059558179,
        0.049863785116398905,
        5275697.8999000685
      ],
      [
        0.01006494212006687,
        -0.050358160301628506,
        0.9986805057830834,
        -356621.60765281273
      ],
      [
        0.0,
        0.0,
        0.0,
        1.0
      ]
    ],
    [
      [
        0.999133281925799,
        -0.0399308855753696,
        -0.011756246226943535,
        3566662.11605514
      ],
      [
        0.04046695191376998,
        0.997950147599139,
        0.04957750205148576,
        5275697.919671807
      ],
      [
        0.009752474095859595,
        -0.050010271785136166,
        0.9987010873955161,
        -356621.57456079393
      ],
      [
        0.0,
        0.0,
        0.0,
        1.0
      ]
    ],
    [
      [
        0.999133281925799,
        -0.0399308855753696,
        -0.011756246226943535,
        3566662.11605514
      ],
      [
        0.04046695191376998,
        0.997950147599139,
        0.04957750205148576,
        5275697.919671807
      ],
      [
        0.009752474095859595,
        -0.050010271785136166,
        0.9987010873955161,
        -356621.57456079393
      ],
      [
        0.0,
        0.0,
        0.0,
        1.0
      ]
    ],
    [
      [
        0.999288252854634,
        -0.035897104655694616,
        -0.011592479634300882,
        3566662.1322058295
      ],
      [
        0.03642804309072955,
        0.9981144158493387,
        0.04940253586926263,
        5275697.919093019
      ],
      [
        0.009797213038079951,
        -0.04978966510303055,
        0.9987116720383391,
        -356621.5249536983
      ],
      [
        0.0,
        0.0,
        0.0,
        1.0
      ]
    ],
    [
      [
        0.999288252854634,
        -0.035897104655694616,
        -0.011592479634300882,
        3566662.1322058295
      ],
      [
        0.03642804309072955,
        0.9981144158493387,
        0.04940253586926263,
        5275697.919093019
      ],
      [
        0.009797213038079951,
        -0.04978966510303055,
        0.9987116720383391,
        -356621.5249536983
      ],
      [
        0.0,
        0.0,
        0.0,
        1.0
      ]
    ],
    [
      [
        0.9994328432426431,
        -0.03176951026982858,
        -0.011166470576750923,
        3566662.1250901786
      ],
      [
        0.03228207806553897,
        0.9982675155224636,
        0.04919181729087037,
        5275697.924422577
      ],
      [
        0.009584324895193997,
        -0.04952439469416241,
        0.9987269271660197,
        -356621.497673954
      ],
      [
        0.0,
        0.0,
        0.0,
        1.0
      ]
    ],
    [
      [
        0.9994328432426431,
        -0.03176951026982858,
        -0.011166470576750923,
        3566662.1250901786
      ],
      [
        0.03228207806553897,
        0.9982675155224636,
        0.04919181729087037,
        5275697.924422577
      ],
      [
        0.009584324895193997,
        -0.04952439469416241,
        0.9987269271660197,
        -356621.497673954
      ],
      [
        0.0,
        0.0,
        0.0,
        1.0
      ]
    ],
    [
      [
        0.9995612960692559,
        -0.0275169890900534,
        -0.010955852854390782,
        3566662.1150457594
      ],
      [
        0.028020298498957125,
        0.9984155930831844,
        0.048797196234848,
        5275697.923848143
      ],
      [
        0.009595742408929166,
        -0.049082774980341165,
        0.9987486184860785,
        -356621.4683248338
      ],
      [
        0.0,
        0.0,
        0.0,
        1.0
      ]
    ],
    [
      [
        0.9995612960692559,
        -0.0275169890900534,
        -0.010955852854390782,
        3566662.1150457594
      ],
      [
        0.028020298498957125,
        0.9984155930831844,
        0.048797196234848,
        5275697.923848143
      ],
      [
        0.009595742408929166,
        -0.049082774980341165,
        0.9987486184860785,
        -356621.4683248338
      ],
      [
        0.0,
        0.0,
        0.0,
        1.0
      ]
    ],
    [
      [
        0.9996690253945415,
        -0.02342685843666222,
        -0.010631179168660795,
        3566662.130811243
      ],
      [
        0.023915374406306634,
        0.9985405849208153,
        0.048422671683853544,
        5275697.923055294
      ],
      [
        0.009481272790809927,
        -0.04866089363939678,
        0.9987703554353631,
        -356621.43436461024
      ],
      [
        0.0,
        0.0,
        0.0,
        1.0
      ]
    ],
    [
      [
        0.9996690253945415,
        -0.02342685843666222,
        -0.010631179168660795,
        3566662.130811243
      ],
      [
        0.023915374406306634,
        0.9985405849208153,
        0.048422671683853544,
        5275697.923055294
      ],
      [
        0.009481272790809927,
        -0.04866089363939678,
        0.9987703554353631,
        -356621.43436461024
      ],
      [
        0.0,
        0.0,
        0.0,
        1.0
      ]
    ],
    [
      [
        0.9997511777717901,
        -0.019608976500267314,
        -0.010633465311476131,
        3566662.1577409455
      ],
      [
        0.020097062170969703,
        0.9986488714188563,
        0.04792222559461051,
        5275697.925953229
      ],
      [
        0.009679392337051968,
        -0.04812400289311487,
        0.9987944682013056,
        -356621.4006218604
      ],
      [
        0.0,
        0.0,
        0.0,
        1.0
      ]
    ],
    [
      [
        0.9997511777717901,
        -0.019608976500267314,
        -0.010633465311476131,
        3566662.1577409455
      ],
      [
        0.020097062170969703,
        0.9986488714188563,
        0.04792222559461051,
        5275697.925953229
      ],
      [
        0.009679392337051968,
        -0.04812400289311487,
        0.9987944682013056,
        -356621.4006218604
      ],
      [
        0.0,
        0.0,
        0.0,
        1.0
      ]
    ],
    [
      [
        0.9998129556361043,
        -0.01606879500732131,
        -0.01076325086626069,
        3566662.176087058
      ],
      [
        0.016560601941749988,
        0.9987443901294656,
        0.04727990744754705,
        5275697.916336261
      ],
      [
        0.009990005281494217,
        -0.047449309920528815,
        0.9988236895381193,
        -356621.3572429667
      ],
      [
        0.0,
        0.0,
        0.0,
        1.0
      ]
    ],
    [
      [
        0.9998129556361043,
        -0.01606879500732131,
        -0.01076325086626069,
        3566662.176087058
      ],
      [
        0.016560601941749988,
        0.9987443901294656,
        0.04727990744754705,
        5275697.916336261
      ],
      [
        0.009990005281494217,
        -0.047449309920528815,
        0.9988236895381193,
        -356621.3572429667
      ],
      [
        0.0,
        0.0,
        0.0,
        1.0
      ]
    ],
    [
      [
        0.9998532569508076,
        -0.01294036670118514,
        -0.011225483263570847,
        3566662.2058348893
      ],
      [
        0.013451422175973428,
        0.9988177612149867,
        0.046713371992667604,
        5275697.91214354
      ],
      [
        0.010607723898442147,
        -0.04685751584453096,
        0.9988452579867282,
        -356621.3098338752
      ],
      [
        0.0,
        0.0,
        0.0,
        1.0
      ]
    ],
    [
      [
        0.9998532569508076,
        -0.01294036670118514,
        -0.011225483263570847,
        3566662.2058348893
      ],
      [
        0.013451422175973428,
        0.9988177612149867,
        0.046713371992667604,
        5275697.91214354
      ],
      [
        0.010607723898442147,
        -0.04685751584453096,
        0.9988452579867282,
        -356621.3098338752
      ],
      [
        0.0,
        0.0,
        0.0,
        1.0
      ]
    ],
    [
      [
        0.9998877553336234,
        -0.010023750648683945,
        -0.011135580668337678,
        3566662.2287617116
      ],
      [
        0.010530166752842858,
        0.9988678902960841,
        0.04639022875140046,
        5275697.916192867
      ],
      [
        0.010657969883864868,
        -0.046502281216978456,
        0.9988613244688032,
        -356621.2593596715
      ],
      [
        0.0,
        0.0,
        0.0,
        1.0
      ]
    ],
    [
      [
        0.9998877553336234,
        -0.010023750648683945,
        -0.011135580668337678,
        3566662.2287617116
      ],
      [
        0.010530166752842858,
        0.9988678902960841,
        0.04639022875140046,
        5275697.916192867
      ],
      [
        0.010657969883864868,
        -0.046502281216978456,
        0.9988613244688032,
        -356621.2593596715
      ],
      [
        0.0,
        0.0,
        0.0,
        1.0
      ]
    ],
    [
      [
        0.9999104192924626,
        -0.007222460720295703,
        -0.011268959646544672,
        3566662.2072786028
      ],
      [
        0.007733285614476306,
        0.9989130984419419,
        0.045965400626170334,
        5275697.911947396
      ],
      [
        0.010924728096231977,
        -0.046048429096584735,
        0.9988794684514044,
        -356621.25703368423
      ],
      [
        0.0,
        0.0,
        0.0,
        1.0
      ]
    ],
    [
      [
        0.9999104192924626,
        -0.007222460720295703,
        -0.011268959646544672,
        3566662.2072786028
      ],
      [
        0.007733285614476306,
        0.9989130984419419,
        0.045965400626170334,
        5275697.911947396
      ],
      [
        0.010924728096231977,
        -0.046048429096584735,
        0.9988794684514044,
        -356621.25703368423
      ],
      [
        0.0,
        0.0,
        0.0,
        1.0
      ]
    ],
    [
      [
        0.9999290253284217,
        -0.004649491187210645,
        -0.01096934535206652,
        3566662.2313615223
      ],
      [
        0.005147747085666423,
        0.9989355097260888,
        0.045840463656265054,
        5275697.911900185
      ],
      [
        0.010744533758840616,
        -0.04589367755997982,
        0.9988885450110667,
        -356621.23466882796
      ],
      [
        0.0,
        0.0,
        0.0,
        1.0
      ]
    ],
    [
      [
        0.9999290253284217,
        -0.004649491187210645,
        -0.01096934535206652,
        3566662.2313615223
      ],
      [
        0.005147747085666423,
        0.9989355097260888,
        0.045840463656265054,
        5275697.911900185
      ],
      [
        0.010744533758840616,
        -0.04589367755997982,
        0.9988885450110667,
        -356621.23466882796
      ],
      [
        0.0,
        0.0,
        0.0,
        1.0
      ]
    ],
    [
      [
        0.9999395882584933,
        -0.0023555755144366807,
        -0.010736437837134195,
        3566662.216606729
      ],
      [
        0.002843015083650003,
        0.9989551058339866,
        0.04561374566337062,
        5275697.905965943
      ],
      [
        0.010617772773468032,
        -0.0456415139122741,
        0.9989014541530744,
        -356621.2384346048
      ],
      [
        0.0,
        0.0,
        0.0,
        1.0
      ]
    ],
    [
      [
        0.9999395882584933,
        -0.0023555755144366807,
        -0.010736437837134195,
        3566662.216606729
      ],
      [
        0.002843015083650003,
        0.9989551058339866,
        0.04561374566337062,
        5275697.905965943
      ],
      [
        0.010617772773468032,
        -0.0456415139122741,
        0.9989014541530744,
        -356621.2384346048
      ],
      [
        0.0,
        0.0,
        0.0,
        1.0
      ]
    ],
    [
      [
        0.9999438639201779,
        -0.00033914646564421857,
        -0.010590277997290416,
        3566662.229232399
      ],
      [
        0.0008205337200038747,
        0.9989647127048648,
        0.04548438737524817,
        5275697.908058771
      ],
      [
        0.010563888147807562,
        -0.0454905237402488,
        0.9989089130231238,
        -356621.21481369075
      ],
      [
        0.0,
        0.0,
        0.0,
        1.0
      ]
    ],
    [
      [
        0.9999438639201779,
        -0.00033914646564421857,
        -0.010590277997290416,
        3566662.229232399
      ],
      [
        0.0008205337200038747,
        0.9989647127048648,
        0.04548438737524817,
        5275697.908058771
      ],
      [
        0.010563888147807562,
        -0.0454905237402488,
        0.9989089130231238,
        -356621.21481369075
      ],
      [
        0.0,
        0.0,
        0.0,
        1.0
      ]
    ],
    [
      [
        0.9999451709039066,
        0.001275213434939066,
        -0.01039370081600005,
        3566662.2738361945
      ],
      [
        -0.000804228609491061,
        0.9989779374087332,
        0.04519329360576637,
        5275697.91838558
      ],
      [
        0.010440708898386416,
        -0.04518245678677376,
        0.9989241899145354,
        -356621.1668678804
      ],
      [
        0.0,
        0.0,
        0.0,
        1.0
      ]
    ],
    [
      [
        0.9999451709039066,
        0.001275213434939066,
        -0.01039370081600005,
        3566662.2738361945
      ],
      [
        -0.000804228609491061,
        0.9989779374087332,
        0.04519329360576637,
        5275697.91838558
      ],
      [
        0.010440708898386416,
        -0.04518245678677376,
        0.9989241899145354,
        -356621.1668678804
      ],
      [
        0.0,
        0.0,
        0.0,
        1.0
      ]
    ],
    [
      [
        0.9999430826729114,
        0.0024333889346415684,
        -0.010387975398884978,
        3566662.2499058666
      ],
      [
        -0.0019654638013740793,
        0.9989931544760063,
        0.04481979765821819,
        5275697.911084135
      ],
      [
        0.010486580312025637,
        -0.044796829445518764,
        0.9989410771937395,
        -356621.1699193994
      ],
      [
        0.0,
        0.0,
        0.0,
        1.0
      ]
    ],
    [
      [
        0.9999430826729114,
        0.0024333889346415684,
        -0.010387975398884978,
        3566662.2499058666
      ],
      [
        -0.0019654638013740793,
        0.9989931544760063,
        0.04481979765821819,
        5275697.911084135
      ],
      [
        0.010486580312025637,
        -0.044796829445518764,
        0.9989410771937395,
        -356621.1699193994
      ],
      [
        0.0,
        0.0,
        0.0,
        1.0
      ]
    ],
    [
      [
        0.999939710050348,
        0.0031735799497433835,
        -0.010512119421329071,
        3566662.240184883
      ],
      [
        -0.0027048863411494157,
        0.9990144340230459,
        0.04430399760173159,
        5275697.899599954
      ],
      [
        0.010642361312564066,
        -0.04427289242770753,
        0.9989627876661759,
        -356621.1725659753
      ],
      [
        0.0,
        0.0,
        0.0,
        1.0
      ]
    ],
    [
      [
        0.999939710050348,
        0.0031735799497433835,
        -0.010512119421329071,
        3566662.240184883
      ],
      [
        -0.0027048863411494157,
        0.9990144340230459,
        0.04430399760173159,
        5275697.899599954
      ],
      [
        0.010642361312564066,
        -0.04427289242770753,
        0.9989627876661759,
        -356621.1725659753
      ],
      [
        0.0,
        0.0,
        0.0,
        1.0
      ]
    ],
    [
      [
        0.9999378028363344,
        0.0035142094472907395,
        -0.010584932253190732,
        3566662.2667823667
      ],
      [
        -0.003044102210250556,
        0.9990222132270519,
        0.04410613246087696,
        5275697.900386892
      ],
      [
        0.010729580633818481,
        -0.04407116756887034,
        0.9989707744916959,
        -356621.1501015981
      ],
      [
        0.0,
        0.0,
        0.0,
        1.0
      ]
    ],
    [
      [
        0.9999378028363344,
        0.0035142094472907395,
        -0.010584932253190732,
        3566662.2667823667
      ],
      [
        -0.003044102210250556,
        0.9990222132270519,
        0.04410613246087696,
        5275697.900386892
      ],
      [
        0.010729580633818481,
        -0.04407116756887034,
        0.9989707744916959,
        -356621.1501015981
      ],
      [
        0.0,
        0.0,
        0.0,
        1.0
      ]
    ],
    [
      [
        0.9999238811946337,
        0.0035203576481852147,
        -0.011825349833687165,
        3566662.272726865
      ],
      [
        -0.0029979476113553066,
        0.9990310811316913,
        0.043907986095513024,
        5275697.901823219
      ],
      [
        0.011968463843776702,
        -0.04386919209277805,
        0.9989655899270742,
        -356621.13432316046
      ],
      [
        0.0,
        0.0,
        0.0,
        1.0
      ]
    ],
    [
      [
        0.9999238811946337,
        0.0035203576481852147,
        -0.011825349833687165,
        3566662.272726865
      ],
      [
        -0.0029979476113553066,
        0.9990310811316913,
        0.043907986095513024,
        5275697.901823219
      ],
      [
        0.011968463843776702,
        -0.04386919209277805,
        0.9989655899270742,
        -356621.13432316046
      ],
      [
        0.0,
        0.0,
        0.0,
        1.0
      ]
    ],
    [
      [
        0.9999234232478407,
        0.0034425212582799474,
        -0.011886828328280117,
        3566662.283334618
      ],
      [
        -0.0029158045629985316,
        0.9990251861549849,
        0.04404742344051404,
        5275697.916170269
      ],
      [
        0.01202687507501882,
        -0.04400939076360679,
        0.9989587217700969,
        -356621.1241718777
      ],
      [
        0.0,
        0.0,
        0.0,
        1.0
      ]
    ],
    [
      [
        0.9999234232478407,
        0.0034425212582799474,
        -0.011886828328280117,
        3566662.283334618
      ],
      [
        -0.0029158045629985316,
        0.9990251861549849,
        0.04404742344051404,
        5275697.916170269
      ],
      [
        0.01202687507501882,
        -0.04400939076360679,
        0.9989587217700969,
        -356621.1241718777
      ],
      [
        0.0,
        0.0,
        0.0,
        1.0
      ]
    ],
    [
      [
        0.9999154810294942,
        0.003240393604913446,
        -0.012590895394708142,
        3566662.3059573984
      ],
      [
        -0.0026780339396973813,
        0.9990090466559578,
        0.04442693815436879,
        5275697.918377112
      ],
      [
        0.012722379171093572,
        -0.04438946439009505,
        0.9989332893238604,
        -356621.11219611723
      ],
      [
        0.0,
        0.0,
        0.0,
        1.0
      ]
    ],
    [
      [
        0.9999154810294942,
        0.003240393604913446,
        -0.012590895394708142,
        3566662.3059573984
      ],
      [
        -0.0026780339396973813,
        0.9990090466559578,
        0.04442693815436879,
        5275697.918377112
      ],
      [
        0.012722379171093572,
        -0.04438946439009505,
        0.9989332893238604,
        -356621.11219611723
      ],
      [
        0.0,
        0.0,
        0.0,
        1.0
      ]
    ],
    [
      [
        0.9999184548887871,
        0.003079941784655727,
        -0.012393447116270242,
        3566662.2760314513
      ],
      [
        -0.002518498926995113,
        0.9989808868081433,
        0.04506489715033324,
        5275697.910567799
      ],
      [
        0.012519614050575997,
        -0.045030009445019226,
        0.9989071816307089,
        -356621.1311737415
      ],
      [
        0.0,
        0.0,
        0.0,
        1.0
      ]
    ],
    [
      [
        0.9999184548887871,
        0.003079941784655727,
        -0.012393447116270242,
        3566662.2760314513
      ],
      [
        -0.002518498926995113,
        0.9989808868081433,
        0.04506489715033324,
        5275697.910567799
      ],
      [
        0.012519614050575997,
        -0.045030009445019226,
        0.9989071816307089,
        -356621.1311737415
      ],
      [
        0.0,
        0.0,
        0.0,
        1.0
      ]
    ],
    [
      [
        0.9999163290420459,
        0.0027478603874108386,
        -0.01264057666288062,
        3566662.2402641885
      ],
      [
        -0.0021707712979820554,
        0.9989645754453255,
        0.04544298358726441,
        5275697.891513979
      ],
      [
        0.012752359273903833,
        -0.04541174152828566,
        0.9988869560987956,
        -356621.1303877238
      ],
      [
        0.0,
        0.0,
        0.0,
        1.0
      ]
    ],
    [
      [
        0.9999163290420459,
        0.0027478603874108386,
        -0.01264057666288062,
        3566662.2402641885
      ],
      [
        -0.0021707712979820554,
        0.9989645754453255,
        0.04544298358726441,
        5275697.891513979
      ],
      [
        0.012752359273903833,
        -0.04541174152828566,
        0.9988869560987956,
        -356621.1303877238
      ],
      [
        0.0,
        0.0,
        0.0,
        1.0
      ]
    ],
    [
      [
        0.9999187768800943,
        0.002206866223809217,
        -0.012552664421817614,
        3566662.255526421
      ],
      [
        -0.001632054790630771,
        0.9989575656279447,
        0.04561927741483055,
        5275697.900697701
      ],
      [
        0.012640254735444806,
        -0.045595085438686254,
        0.9988800289044036,
        -356621.1414665317
      ],
      [
        0.0,
        0.0,
        0.0,
        1.0
      ]
    ],
    [
      [
        0.9999187768800943,
        0.002206866223809217,
        -0.012552664421817614,
        3566662.255526421
      ],
      [
        -0.001632054790630771,
        0.9989575656279447,
        0.04561927741483055,
        5275697.900697701
      ],
      [
        0.012640254735444806,
        -0.045595085438686254,
        0.9988800289044036,
        -356621.1414665317
      ],
      [
        0.0,
        0.0,
        0.0,
        1.0
      ]
    ],
    [
      [
        0.9999150642686987,
        0.0014771595703227025,
        -0.012949218050806283,
        3566662.326778364
      ],
      [
        -0.0008821610547460159,
        0.9989486592772052,
        0.04583446214527952,
        5275697.919855135
      ],
      [
        0.013003308824949619,
        -0.04581914586586458,
        0.998865115934942,
        -356621.1057877606
      ],
      [
        0.0,
        0.0,
        0.0,
        1.0
      ]
    ],
    [
      [
        0.9999150642686987,
        0.0014771595703227025,
        -0.012949218050806283,
        3566662.326778364
      ],
      [
        -0.0008821610547460159,
        0.9989486592772052,
        0.04583446214527952,
        5275697.919855135
      ],
      [
        0.013003308824949619,
        -0.04581914586586458,
        0.998865115934942,
        -356621.1057877606
      ],
      [
        0.0,
        0.0,
        0.0,
        1.0
      ]
    ],
    [
      [
        0.9999133417026607,
        0.0006624493307297645,
        -0.013148013002060628,
        3566662.2864117213
      ],
      [
        -5.734766147663195e-05,
        0.9989428464930857,
        0.045969404515798146,
        5275697.914452497
      ],
      [
        0.013164565935262081,
        -0.045964666877674365,
        0.9988563177967893,
        -356621.1231821531
      ],
