{
  "train_indices": [
    1,
    2,
    3,
    4,
    5,
    6,
    7,
    8,
    9,
    10,
    11,
    12,
    13,
    14,
    15,
    16,
    17,
    18,
    19,
    20,
    21,
    22,
    23,
    24,
    25,
    26,
    27,
    28,
    29,
    30,
    31,
    32,
    33,
    34,
    35,
    36,
    37,
    38,
    39,
    40,
    41,
    42,
    43,
    44,
    45,
    46,
    47,
    48,
    49,
    50,
    51,
    52,
    53,
    54,
    55,
    56,
    57,
    58,
    59,
    60,
    61,
    62,
    63,
    64,
    65,
    66,
    67,
    68,
    69,
    70,
    71,
    72,
    73,
    74,
    75,
    76,
    77,
    78,
    79,
    80,
    81,
    82,
    83,
    84,
    85,
    86,
    87,
    88,
    89,
    90,
    91,
    92,
    93,
    94,
    95,
    96,
    97,
    98,
    99,
    100,
    101,
    102,
    103,
    104,
    105,
    106,
    107,
    108,
    109,
    110,
    111,
    112,
    113,
    114,
    115,
    116,
    117,
    118,
    119,
    120,
    121,
    122,
    123,
    124,
    125,
    126,
    127,
    128,
    129,
    130,
    131,
    132,
    133,
    134,
    135,
    136,
    137,
    138,
    139,
    140,
    141,
    142,
    143,
    144,
    145,
    146,
    147,
    148,
    149,
    150,
    151,
    152,
    153,
    154,
    155,
    156,
    157,
    158,
    159,
    160,
    161,
    162,
    163,
    164,
    165,
    166,
    167,
    168,
    169,
    170,
    171,
    172,
    173,
    174,
    175,
    176,
    177,
    178,
    179,
    180,
    181,
    182,
    183,
    184,
    185,
    186,
    187,
    188,
    189,
    190,
    191,
    192,
    193,
    194,
    195,
    196,
    197,
    198,
    199,
    200,
    201,
    202,
    203,
    204,
    205,
    206,
    207,
    208,
    209,
    210,
    211,
    212,
    213,
    214,
    215,
    216,
    217,
    218,
    219,
    220,
    221,
    222,
    223,
    224,
    225,
    226,
    227,
    228,
    229,
    230,
    231,
    232,
    233,
    234,
    235,
    236,
    237,
    238,
    239,
    240,
    241,
    242,
    243,
    244,
    245,
    246,
    247,
    248,
    249,
    250,
    251,
    252,
    253,
    254,
    255,
    256,
    257,
    258,
    259,
    260,
    261,
    262,
    263,
    264,
    265,
    266,
    267,
    268,
    269,
    270,
    271,
    272,
    273,
    274,
    275,
    276,
    277,
    278,
    279,
    280,
    281,
    282,
    283,
    284,
    285,
    286,
    287,
    288,
    289,
    290,
    291,
    292,
    293,
    294,
    295,
    296,
    297,
    298,
    299,
    300,
    301,
    302,
    303,
    304,
    305,
    306,
    307,
    308,
    309,
    310,
    311,
    312,
    313,
    314,
    315,
    316,
    317,
    318,
    319,
    320,
    321,
    322,
    323,
    324,
    325,
    326,
    327,
    328,
    329,
    330,
    331,
    332,
    333,
    334,
    335,
    336,
    337,
    338,
    339,
    340,
    341,
    342,
    343,
    344,
    345,
    346,
    347,
    348,
    349,
    350,
    351,
    352,
    353,
    354,
    355,
    356,
    357,
    358,
    359,
    360,
    361,
    362,
    363,
    364,
    365,
    366,
    367,
    368,
    369,
    370,
    371,
    372,
    373,
    374,
    375,
    376,
    377,
    378,
    379,
    380,
    381,
    382,
    383,
    384,
    385,
    386,
    387,
    388,
    389,
    390,
    391,
    392,
    393,
    394,
    395,
    396,
    397,
    398,
    399,
    400,
    401,
    402,
    403,
    404,
    405,
    406,
    407,
    408,
    409,
    410,
    411,
    412,
    413,
    414,
    415,
    416,
    417,
    418,
    419,
    420,
    421,
    422,
    423,
    424,
    425,
    426,
    427,
    428,
    429,
    430,
    431,
    432,
    433,
    434,
    435,
    436,
    437,
    438,
    439,
    440,
    441,
    442,
    443,
    444,
    445,
    446,
    447,
    448,
    449,
    450,
    451,
    452,
    453,
    454,
    455,
    456,
    457,
    458,
    459,
    460,
    461,
    462,
    463,
    464,
    465,
    466,
    467,
    468,
    469,
    470,
    471,
    472,
    473,
    474,
    475,
    476,
    477,
    478,
    479,
    480,
    481,
    482,
    483,
    484,
    485,
    486,
    487,
    488,
    489,
    490,
    491,
    492,
    493,
    494,
    495,
    496,
    497,
    498,
    499,
    500,
    501,
    502,
    503,
    504,
    505,
    506,
    507,
    508,
    509,
    510,
    511,
    512,
    513,
    514,
    515,
    516,
    517,
    518,
    519,
    520,
    521,
    522,
    523,
    524,
    525,
    526,
    527,
    528,
    529,
    530,
    531,
    532,
    533,
    534,
    535,
    536,
    537,
    538,
    539,
    540,
    541,
    542,
    543,
    544,
    545,
    546,
    547,
    548,
    549,
    550,
    551,
    552,
    553,
    554,
    555,
    556,
    557,
    558,
    559,
    560,
    561,
    562,
    563,
    564,
    565,
    566,
    567,
    568,
    569,
    570,
    571,
    572,
    573,
    574,
    575,
    576,
    577,
    578,
    579,
    580,
    581,
    582,
    583,
    584,
    585,
    586,
    587,
    588,
    589,
    590,
    591,
    592,
    593,
    594,
    595,
    596,
    597,
    598,
    599,
    600,
    601,
    602,
    603,
    604,
    605,
    606,
    607,
    608,
    609,
    610,
    611,
    612,
    613,
    614,
    615,
    616,
    617,
    618,
    619,
    620,
    621,
    622,
    623,
    624,
    625,
    626,
    627,
    628,
    629,
    630,
    631,
    632,
    633,
    634,
    635,
    636,
    637,
    638,
    639,
    640,
    641,
    642,
    643,
    644,
    645,
    646,
    647,
    648,
    649,
    650,
    651,
    652,
    653,
    654,
    655,
    656,
    657,
    658,
    659,
    660,
    661,
    662,
    663,
    664,
    665,
    666,
    667,
    668,
    669,
    670,
    671,
    672,
    673,
    674,
    675,
    676,
    677,
    678,
    679,
    680,
    681,
    682,
    683,
    684,
    685,
    686,
    687,
    688,
    689,
    690,
    691,
    692,
    693,
    694,
    695,
    696,
    697,
    698,
    699,
    700,
    701,
    702,
    703,
    704,
    705,
    706,
    707,
    708,
    709,
    710,
    711,
    712,
    713,
    714
  ],
  "radar2worlds": [
    [
      [
        0.7983045085305125,
        -0.6015652610686999,
        -0.02879493592984479,
        3568762.4180603647
      ],
      [
        0.6022428704646716,
        0.7976677677222351,
        0.03208827373822078,
        5273564.504923312
      ],
      [
        0.003665601496287387,
        -0.042957758465418924,
        0.9990701648799734,
        -367302.05787199177
      ],
      [
        0.0,
        0.0,
        0.0,
        1.0
      ]
    ],
    [
      [
        0.7983045085305125,
        -0.6015652610686999,
        -0.02879493592984479,
        3568762.4180603647
      ],
      [
        0.6022428704646716,
        0.7976677677222351,
        0.03208827373822078,
        5273564.504923312
      ],
      [
        0.003665601496287387,
        -0.042957758465418924,
        0.9990701648799734,
        -367302.05787199177
      ],
      [
        0.0,
        0.0,
        0.0,
        1.0
      ]
    ],
    [
      [
        0.7989507034494011,
        -0.6006954271794079,
        -0.02903062561254261,
        3568762.252009489
      ],
      [
        0.6013851313439184,
        0.7983012615675876,
        0.03241943210569752,
        5273564.667505816
      ],
      [
        0.0037009804329433058,
        -0.043360114683272194,
        0.999052652865948,
        -367301.5470803708
      ],
      [
        0.0,
        0.0,
        0.0,
        1.0
      ]
    ],
    [
      [
        0.7989507034494011,
        -0.6006954271794079,
        -0.02903062561254261,
        3568762.252009489
      ],
      [
        0.6013851313439184,
        0.7983012615675876,
        0.03241943210569752,
        5273564.667505816
      ],
      [
        0.0037009804329433058,
        -0.043360114683272194,
        0.999052652865948,
        -367301.5470803708
      ],
      [
        0.0,
        0.0,
        0.0,
        1.0
      ]
    ],
    [
      [
        0.7995289738568255,
        -0.5998916377219783,
        -0.029722768287877177,
        3568762.0931194113
      ],
      [
        0.6006098482274556,
        0.7989055254819258,
        0.03190253229198391,
        5273564.837171225
      ],
      [
        0.004607621473687517,
        -0.04335878625712586,
        0.999048940482229,
        -367301.0309295616
      ],
      [
        0.0,
        0.0,
        0.0,
        1.0
      ]
    ],
    [
      [
        0.7995289738568255,
        -0.5998916377219783,
        -0.029722768287877177,
        3568762.0931194113
      ],
      [
        0.6006098482274556,
        0.7989055254819258,
        0.03190253229198391,
        5273564.837171225
      ],
      [
        0.004607621473687517,
        -0.04335878625712586,
        0.999048940482229,
        -367301.0309295616
      ],
      [
        0.0,
        0.0,
        0.0,
        1.0
      ]
    ],
    [
      [
        0.7999416144639963,
        -0.5993380648460225,
        -0.029787538927549824,
        3568761.9230506048
      ],
      [
        0.6000553785854799,
        0.7993550281125644,
        0.031065763499352902,
        5273564.99892691
      ],
      [
        0.0051919244381693295,
        -0.042724969956529676,
        0.9990733811201467,
        -367300.52859322773
      ],
      [
        0.0,
        0.0,
        0.0,
        1.0
      ]
    ],
    [
      [
        0.7999416144639963,
        -0.5993380648460225,
        -0.029787538927549824,
        3568761.9230506048
      ],
      [
        0.6000553785854799,
        0.7993550281125644,
        0.031065763499352902,
        5273564.99892691
      ],
      [
        0.0051919244381693295,
        -0.042724969956529676,
        0.9990733811201467,
        -367300.52859322773
      ],
      [
        0.0,
        0.0,
        0.0,
        1.0
      ]
    ],
    [
      [
        0.8002207783342282,
        -0.5989507856321954,
        -0.030077604837121744,
        3568761.760662832
      ],
      [
        0.5996754479414812,
        0.7996758533016541,
        0.03013115965997894,
        5273565.151179124
      ],
      [
        0.006005252563041793,
        -0.04214838118892909,
        0.9990933144130266,
        -367299.9981703795
      ],
      [
        0.0,
        0.0,
        0.0,
        1.0
      ]
    ],
    [
      [
        0.8002207783342282,
        -0.5989507856321954,
        -0.030077604837121744,
        3568761.760662832
      ],
      [
        0.5996754479414812,
        0.7996758533016541,
        0.03013115965997894,
        5273565.151179124
      ],
      [
        0.006005252563041793,
        -0.04214838118892909,
        0.9990933144130266,
        -367299.9981703795
      ],
      [
        0.0,
        0.0,
        0.0,
        1.0
      ]
    ],
    [
      [
        0.8003794212310837,
        -0.5987332379108786,
        -0.03018761154100681,
        3568761.5955231446
      ],
      [
        0.599460913882995,
        0.7998474306801137,
        0.029844603548802928,
        5273565.317902513
      ],
      [
        0.006276527412502366,
        -0.041983299717578824,
        0.9990985976110988,
        -367299.4753248154
      ],
      [
        0.0,
        0.0,
        0.0,
        1.0
      ]
    ],
    [
      [
        0.8003794212310837,
        -0.5987332379108786,
        -0.03018761154100681,
        3568761.5955231446
      ],
      [
        0.599460913882995,
        0.7998474306801137,
        0.029844603548802928,
        5273565.317902513
      ],
      [
        0.006276527412502366,
        -0.041983299717578824,
        0.9990985976110988,
        -367299.4753248154
      ],
      [
        0.0,
        0.0,
        0.0,
        1.0
      ]
    ],
    [
      [
        0.8004522226011165,
        -0.5986122077832149,
        -0.030653939809392246,
        3568761.427704806
      ],
      [
        0.5993512880514579,
        0.7999729529145246,
        0.02865847372548358,
        5273565.493378804
      ],
      [
        0.007367010519274636,
        -0.04131221729853013,
        0.9991191259594063,
        -367298.9495695184
      ],
      [
        0.0,
        0.0,
        0.0,
        1.0
      ]
    ],
    [
      [
        0.8004522226011165,
        -0.5986122077832149,
        -0.030653939809392246,
        3568761.427704806
      ],
      [
        0.5993512880514579,
        0.7999729529145246,
        0.02865847372548358,
        5273565.493378804
      ],
      [
        0.007367010519274636,
        -0.04131221729853013,
        0.9991191259594063,
        -367298.9495695184
      ],
      [
        0.0,
        0.0,
        0.0,
        1.0
      ]
    ],
    [
      [
        0.800490423196662,
        -0.5985304513977205,
        -0.031247097786356967,
        3568761.257444201
      ],
      [
        0.5992897471736911,
        0.8000387448232265,
        0.028103482242774605,
        5273565.6569861295
      ],
      [
        0.008178098979749937,
        -0.04122263372611598,
        0.9991165163111658,
        -367298.4205678416
      ],
      [
        0.0,
        0.0,
        0.0,
        1.0
      ]
    ],
    [
      [
        0.800490423196662,
        -0.5985304513977205,
        -0.031247097786356967,
        3568761.257444201
      ],
      [
        0.5992897471736911,
        0.8000387448232265,
        0.028103482242774605,
        5273565.6569861295
      ],
      [
        0.008178098979749937,
        -0.04122263372611598,
        0.9991165163111658,
        -367298.4205678416
      ],
      [
        0.0,
        0.0,
        0.0,
        1.0
      ]
    ],
    [
      [
        0.8003381647030227,
        -0.5986778179254405,
        -0.032306229179996246,
        3568761.0922663207
      ],
      [
        0.5994758416423253,
        0.7999189891123748,
        0.02753772221267037,
        5273565.835836554
      ],
      [
        0.00935614274277687,
        -0.04140629398375836,
        0.9990985844307394,
        -367297.9035893749
      ],
      [
        0.0,
        0.0,
        0.0,
        1.0
      ]
    ],
    [
      [
        0.8003381647030227,
        -0.5986778179254405,
        -0.032306229179996246,
        3568761.0922663207
      ],
      [
        0.5994758416423253,
        0.7999189891123748,
        0.02753772221267037,
        5273565.835836554
      ],
      [
        0.00935614274277687,
        -0.04140629398375836,
        0.9990985844307394,
        -367297.9035893749
      ],
      [
        0.0,
        0.0,
        0.0,
        1.0
      ]
    ],
    [
      [
        0.800173816321128,
        -0.5988397383692203,
        -0.033359128045647175,
        3568760.9266649075
      ],
      [
        0.5996801639834315,
        0.7997707278284163,
        0.027394960003811825,
        5273566.000006292
      ],
      [
        0.010274463435470643,
        -0.041925537070972754,
        0.999067907973439,
        -367297.36950121203
      ],
      [
        0.0,
        0.0,
        0.0,
        1.0
      ]
    ],
    [
      [
        0.800173816321128,
        -0.5988397383692203,
        -0.033359128045647175,
        3568760.9266649075
      ],
      [
        0.5996801639834315,
        0.7997707278284163,
        0.027394960003811825,
        5273566.000006292
      ],
      [
        0.010274463435470643,
        -0.041925537070972754,
        0.999067907973439,
        -367297.36950121203
      ],
      [
        0.0,
        0.0,
        0.0,
        1.0
      ]
    ],
    [
      [
        0.7999154863028953,
        -0.5991294693278492,
        -0.03433793464570904,
        3568760.761336592
      ],
      [
        0.6000139326696315,
        0.7995114544035758,
        0.027653478620281217,
        5273566.196228008
      ],
      [
        0.010885558098967662,
        -0.04272368500503363,
        0.9990276229236433,
        -367296.84758816037
      ],
      [
        0.0,
        0.0,
        0.0,
        1.0
      ]
    ],
    [
      [
        0.7999154863028953,
        -0.5991294693278492,
        -0.03433793464570904,
        3568760.761336592
      ],
      [
        0.6000139326696315,
        0.7995114544035758,
        0.027653478620281217,
        5273566.196228008
      ],
      [
        0.010885558098967662,
        -0.04272368500503363,
        0.9990276229236433,
        -367296.84758816037
      ],
      [
        0.0,
        0.0,
        0.0,
        1.0
      ]
    ],
    [
      [
        0.7996787913802327,
        -0.5994406905862786,
        -0.034419312690638526,
        3568760.583044246
      ],
      [
        0.6003362684644451,
        0.7992439862451822,
        0.02837983821477775,
        5273566.35075261
      ],
      [
        0.010497398860492087,
        -0.043357916466968856,
        0.9990044522907829,
        -367296.3079634565
      ],
      [
        0.0,
        0.0,
        0.0,
        1.0
      ]
    ],
    [
      [
        0.7996787913802327,
        -0.5994406905862786,
        -0.034419312690638526,
        3568760.583044246
      ],
      [
        0.6003362684644451,
        0.7992439862451822,
        0.02837983821477775,
        5273566.35075261
      ],
      [
        0.010497398860492087,
        -0.043357916466968856,
        0.9990044522907829,
        -367296.3079634565
      ],
      [
        0.0,
        0.0,
        0.0,
        1.0
      ]
    ],
    [
      [
        0.7994837321635238,
        -0.5997117682238599,
        -0.034228015713659334,
        3568760.4044413464
      ],
      [
        0.6006012544422904,
        0.7990367428678984,
        0.028607983315979343,
        5273566.517379493
      ],
      [
        0.01019289793092894,
        -0.0434290064458252,
        0.9990045176228676,
        -367295.77797884896
      ],
      [
        0.0,
        0.0,
        0.0,
        1.0
      ]
    ],
    [
      [
        0.7994837321635238,
        -0.5997117682238599,
        -0.034228015713659334,
        3568760.4044413464
      ],
      [
        0.6006012544422904,
        0.7990367428678984,
        0.028607983315979343,
        5273566.517379493
      ],
      [
        0.01019289793092894,
        -0.0434290064458252,
        0.9990045176228676,
        -367295.77797884896
      ],
      [
        0.0,
        0.0,
        0.0,
        1.0
      ]
    ],
    [
      [
        0.799279932231474,
        -0.599967868780947,
        -0.03449849797452852,
        3568760.2345014582
      ],
      [
        0.6008751297422578,
        0.7988090658693394,
        0.029208812748520014,
        5273566.679662182
      ],
      [
        0.010033363806577121,
        -0.044075307320556735,
        0.9989778270288702,
        -367295.26003022835
      ],
      [
        0.0,
        0.0,
        0.0,
        1.0
      ]
    ],
    [
      [
        0.799279932231474,
        -0.599967868780947,
        -0.03449849797452852,
        3568760.2345014582
      ],
      [
        0.6008751297422578,
        0.7988090658693394,
        0.029208812748520014,
        5273566.679662182
      ],
      [
        0.010033363806577121,
        -0.044075307320556735,
        0.9989778270288702,
        -367295.26003022835
      ],
      [
        0.0,
        0.0,
        0.0,
        1.0
      ]
    ],
    [
      [
        0.7990419056250226,
        -0.6002352630845194,
        -0.03535055876489311,
        3568760.0589816417
      ],
      [
        0.6011747287959197,
        0.7986017493209712,
        0.028708734535626987,
        5273566.844870597
      ],
      [
        0.010999023242301738,
        -0.044191344529699125,
        0.9989625351114889,
        -367294.72657164943
      ],
      [
        0.0,
        0.0,
        0.0,
        1.0
      ]
    ],
    [
      [
        0.7990419056250226,
        -0.6002352630845194,
        -0.03535055876489311,
        3568760.0589816417
      ],
      [
        0.6011747287959197,
        0.7986017493209712,
        0.028708734535626987,
        5273566.844870597
      ],
      [
        0.010999023242301738,
        -0.044191344529699125,
        0.9989625351114889,
        -367294.72657164943
      ],
      [
        0.0,
        0.0,
        0.0,
        1.0
      ]
    ],
    [
      [
        0.798781733025623,
        -0.6005378812051116,
        -0.036083184757688125,
        3568759.8905269504
      ],
      [
        0.6015070675204461,
        0.7983596697011932,
        0.028479563155970264,
        5273567.023651701
      ],
      [
        0.011704302949581477,
        -0.04445324546393406,
        0.998942900400312,
        -367294.1950870114
      ],
      [
        0.0,
        0.0,
        0.0,
        1.0
      ]
    ],
    [
      [
        0.798781733025623,
        -0.6005378812051116,
        -0.036083184757688125,
        3568759.8905269504
      ],
      [
        0.6015070675204461,
        0.7983596697011932,
        0.028479563155970264,
        5273567.023651701
      ],
      [
        0.011704302949581477,
        -0.04445324546393406,
        0.998942900400312,
        -367294.1950870114
      ],
      [
        0.0,
        0.0,
        0.0,
        1.0
      ]
    ],
    [
      [
        0.7984866333150795,
        -0.6008783656242439,
        -0.03693624428508506,
        3568759.713975188
      ],
      [
        0.6018768300494471,
        0.7981053317086161,
        0.027787784148956118,
        5273567.195139536
      ],
      [
        0.012781935173474267,
        -0.0444192438366251,
        0.9989312052940402,
        -367293.6625718545
      ],
      [
        0.0,
        0.0,
        0.0,
        1.0
      ]
    ],
    [
      [
        0.7984866333150795,
        -0.6008783656242439,
        -0.03693624428508506,
        3568759.713975188
      ],
      [
        0.6018768300494471,
        0.7981053317086161,
        0.027787784148956118,
        5273567.195139536
      ],
      [
        0.012781935173474267,
        -0.0444192438366251,
        0.9989312052940402,
        -367293.6625718545
      ],
      [
        0.0,
        0.0,
        0.0,
        1.0
      ]
    ],
    [
      [
        0.7982286717697654,
        -0.6011910109754559,
        -0.03742132930542536,
        3568759.5396079747
      ],
      [
        0.6022013758368929,
        0.7978850996768359,
        0.027071583881232413,
        5273567.360775515
      ],
      [
        0.013582728180634043,
        -0.04414449043759254,
        0.99893281729012,
        -367293.14163091284
      ],
      [
        0.0,
        0.0,
        0.0,
        1.0
      ]
    ],
    [
      [
        0.7982286717697654,
        -0.6011910109754559,
        -0.03742132930542536,
        3568759.5396079747
      ],
      [
        0.6022013758368929,
        0.7978850996768359,
        0.027071583881232413,
        5273567.360775515
      ],
      [
        0.013582728180634043,
        -0.04414449043759254,
        0.99893281729012,
        -367293.14163091284
      ],
      [
        0.0,
        0.0,
        0.0,
        1.0
      ]
    ],
    [
      [
        0.7979685078546092,
        -0.6014791329275775,
        -0.03832901153144429,
        3568759.362399566
      ],
      [
        0.6025147199862559,
        0.7976826847768174,
        0.026045087965523673,
        5273567.523388108
      ],
      [
        0.01490881189671841,
        -0.0438769536310091,
        0.9989256930662511,
        -367292.604370873
      ],
      [
        0.0,
        0.0,
        0.0,
        1.0
      ]
    ],
    [
      [
        0.7979685078546092,
        -0.6014791329275775,
        -0.03832901153144429,
        3568759.362399566
      ],
      [
        0.6025147199862559,
        0.7976826847768174,
        0.026045087965523673,
        5273567.523388108
      ],
      [
        0.01490881189671841,
        -0.0438769536310091,
        0.9989256930662511,
        -367292.604370873
      ],
      [
        0.0,
        0.0,
        0.0,
        1.0
      ]
    ],
    [
      [
        0.7977055397620771,
        -0.6017918650442872,
        -0.038889882995606515,
        3568759.1935563134
      ],
      [
        0.6028434915874964,
        0.7974520968743591,
        0.025492701725868205,
        5273567.6988826
      ],
      [
        0.015671518225416955,
        -0.043780182242727964,
        0.9989182645038103,
        -367292.0742858977
      ],
      [
        0.0,
        0.0,
        0.0,
        1.0
      ]
    ],
    [
      [
        0.7977055397620771,
        -0.6017918650442872,
        -0.038889882995606515,
        3568759.1935563134
      ],
      [
        0.6028434915874964,
        0.7974520968743591,
        0.025492701725868205,
        5273567.6988826
      ],
      [
        0.015671518225416955,
        -0.043780182242727964,
        0.9989182645038103,
        -367292.0742858977
      ],
      [
        0.0,
        0.0,
        0.0,
        1.0
      ]
    ],
    [
      [
        0.7974790659091909,
        -0.6020622261020309,
        -0.03934736760790427,
        3568759.0238436176
      ],
      [
        0.6031146865144309,
        0.7972835851639402,
        0.024322001125197095,
        5273567.867398511
      ],
      [
        0.01672765217250114,
        -0.04312726201837372,
        0.9989295395189766,
        -367291.54788836965
      ],
      [
        0.0,
        0.0,
        0.0,
        1.0
      ]
    ],
    [
      [
        0.7974790659091909,
        -0.6020622261020309,
        -0.03934736760790427,
        3568759.0238436176
      ],
      [
        0.6031146865144309,
        0.7972835851639402,
        0.024322001125197095,
        5273567.867398511
      ],
      [
        0.01672765217250114,
        -0.04312726201837372,
        0.9989295395189766,
        -367291.54788836965
      ],
      [
        0.0,
        0.0,
        0.0,
        1.0
      ]
    ],
    [
      [
        0.7972356103804408,
        -0.6023813869939287,
        -0.03939601686207728,
        3568758.8354717786
      ],
      [
        0.6034326505782359,
        0.7970487737386813,
        0.02413065473188262,
        5273568.025497054
      ],
      [
        0.01686468966364404,
        -0.04301066013136027,
        0.9989322626472799,
        -367291.0179782138
      ],
      [
        0.0,
        0.0,
        0.0,
        1.0
      ]
    ],
    [
      [
        0.7972356103804408,
        -0.6023813869939287,
        -0.03939601686207728,
        3568758.8354717786
      ],
      [
        0.6034326505782359,
        0.7970487737386813,
        0.02413065473188262,
        5273568.025497054
      ],
      [
        0.01686468966364404,
        -0.04301066013136027,
        0.9989322626472799,
        -367291.0179782138
      ],
      [
        0.0,
        0.0,
        0.0,
        1.0
      ]
    ],
    [
      [
        0.7969574462062915,
        -0.6027262156297447,
        -0.03974843303820107,
        3568758.655725105
      ],
      [
        0.6037886337200425,
        0.7967860994174563,
        0.023899739864688768,
        5273568.191766659
      ],
      [
        0.01726599915528497,
        -0.04304672772420508,
        0.9989238532067436,
        -367290.4854310146
      ],
      [
        0.0,
        0.0,
        0.0,
        1.0
      ]
    ],
    [
      [
        0.7969574462062915,
        -0.6027262156297447,
        -0.03974843303820107,
        3568758.655725105
      ],
      [
        0.6037886337200425,
        0.7967860994174563,
        0.023899739864688768,
        5273568.191766659
      ],
      [
        0.01726599915528497,
        -0.04304672772420508,
        0.9989238532067436,
        -367290.4854310146
      ],
      [
        0.0,
        0.0,
        0.0,
        1.0
      ]
    ],
    [
      [
        0.7968317841018933,
        -0.6028987909189821,
        -0.039650419334776,
        3568758.4977251175
      ],
      [
        0.6039592714622265,
        0.7966526967320098,
        0.02403495796612186,
        5273568.363343745
      ],
      [
        0.01709696639204089,
        -0.04309905681156198,
        0.9989245041754374,
        -367289.9860486212
      ],
      [
        0.0,
        0.0,
        0.0,
        1.0
      ]
    ],
    [
      [
        0.7968317841018933,
        -0.6028987909189821,
        -0.039650419334776,
        3568758.4977251175
      ],
      [
        0.6039592714622265,
        0.7966526967320098,
        0.02403495796612186,
        5273568.363343745
      ],
      [
        0.01709696639204089,
        -0.04309905681156198,
        0.9989245041754374,
        -367289.9860486212
      ],
      [
        0.0,
        0.0,
        0.0,
        1.0
      ]
    ],
    [
      [
        0.7967514980607991,
        -0.6029751769846563,
        -0.040099704215801425,
        3568758.337736946
      ],
      [
        0.6040486899471302,
        0.7965957879928928,
        0.023671305944917564,
        5273568.5349793425
      ],
      [
        0.01767004558647365,
        -0.043082322271490836,
        0.9989152531604808,
        -367289.473434527
      ],
      [
        0.0,
        0.0,
        0.0,
        1.0
      ]
    ],
    [
      [
        0.7967514980607991,
        -0.6029751769846563,
        -0.040099704215801425,
        3568758.337736946
      ],
      [
        0.6040486899471302,
        0.7965957879928928,
        0.023671305944917564,
        5273568.5349793425
      ],
      [
        0.01767004558647365,
        -0.043082322271490836,
        0.9989152531604808,
        -367289.473434527
      ],
      [
        0.0,
        0.0,
        0.0,
        1.0
      ]
    ],
    [
      [
        0.7966065132696467,
        -0.60316156415776,
        -0.0401769901702501,
        3568758.1644063294
      ],
      [
        0.6042299216361159,
        0.7964722385865752,
        0.023198598244348563,
        5273568.706387765
      ],
      [
        0.018007354497241182,
        -0.042756294082319075,
        0.9989232375414824,
        -367288.96886123455
      ],
      [
        0.0,
        0.0,
        0.0,
        1.0
      ]
    ],
    [
      [
        0.7966065132696467,
        -0.60316156415776,
        -0.0401769901702501,
        3568758.1644063294
      ],
      [
        0.6042299216361159,
        0.7964722385865752,
        0.023198598244348563,
        5273568.706387765
      ],
      [
        0.018007354497241182,
        -0.042756294082319075,
        0.9989232375414824,
        -367288.96886123455
      ],
      [
        0.0,
        0.0,
        0.0,
        1.0
      ]
    ],
    [
      [
        0.7962954317610017,
        -0.6035244264444828,
        -0.040888287337791304,
        3568757.991264068
      ],
      [
        0.6046071520198439,
        0.7962104719862866,
        0.022340009530612034,
        5273568.875124796
      ],
      [
        0.01907294112120682,
        -0.042510598492994656,
        0.9989139462099597,
        -367288.45003207383
      ],
      [
        0.0,
        0.0,
        0.0,
        1.0
      ]
    ],
    [
      [
        0.7962954317610017,
        -0.6035244264444828,
        -0.040888287337791304,
        3568757.991264068
      ],
      [
        0.6046071520198439,
        0.7962104719862866,
        0.022340009530612034,
        5273568.875124796
      ],
      [
        0.01907294112120682,
        -0.042510598492994656,
        0.9989139462099597,
        -367288.45003207383
      ],
      [
        0.0,
        0.0,
        0.0,
        1.0
      ]
    ],
    [
      [
        0.7959804908733062,
        -0.6039235263186582,
        -0.04112702892171092,
        3568757.823615551
      ],
      [
        0.6050114037164593,
        0.7959105308091389,
        0.022082307853892758,
        5273569.0297686225
      ],
      [
        0.01939741019130463,
        -0.04245940774376877,
        0.9989098754001376,
        -367287.94151738513
      ],
      [
        0.0,
        0.0,
        0.0,
        1.0
      ]
    ],
    [
      [
        0.7959804908733062,
        -0.6039235263186582,
        -0.04112702892171092,
        3568757.823615551
      ],
      [
        0.6050114037164593,
        0.7959105308091389,
        0.022082307853892758,
        5273569.0297686225
      ],
      [
        0.01939741019130463,
        -0.04245940774376877,
        0.9989098754001376,
        -367287.94151738513
      ],
      [
        0.0,
        0.0,
        0.0,
        1.0
      ]
    ],
    [
      [
        0.7957419700806074,
        -0.604261134539166,
        -0.040782328742651766,
        3568757.6628432185
      ],
      [
        0.605323864507693,
        0.7956878371358347,
        0.021537987175440317,
        5273569.20121643
      ],
      [
        0.019435434384281598,
        -0.04182519718468087,
        0.9989358922226976,
        -367287.43177648506
      ],
      [
        0.0,
        0.0,
        0.0,
        1.0
      ]
    ],
    [
      [
        0.7957419700806074,
        -0.604261134539166,
        -0.040782328742651766,
        3568757.6628432185
      ],
      [
        0.605323864507693,
        0.7956878371358347,
        0.021537987175440317,
        5273569.20121643
      ],
      [
        0.019435434384281598,
        -0.04182519718468087,
        0.9989358922226976,
        -367287.43177648506
      ],
      [
        0.0,
        0.0,
        0.0,
        1.0
      ]
    ],
    [
      [
        0.7955347171537064,
        -0.604562199213107,
        -0.040361628879217626,
        3568757.4898143015
      ],
      [
        0.6056010440024931,
        0.7954857121277785,
        0.02120983978372435,
        5273569.358850695
      ],
      [
        0.0192844317070155,
        -0.04131620848011596,
        0.9989600000052881,
        -367286.94306767324
      ],
      [
        0.0,
        0.0,
        0.0,
        1.0
      ]
    ],
    [
      [
        0.7955347171537064,
        -0.604562199213107,
        -0.040361628879217626,
        3568757.4898143015
      ],
      [
        0.6056010440024931,
        0.7954857121277785,
        0.02120983978372435,
        5273569.358850695
      ],
      [
        0.0192844317070155,
        -0.04131620848011596,
        0.9989600000052881,
        -367286.94306767324
      ],
      [
        0.0,
        0.0,
        0.0,
        1.0
      ]
    ],
    [
      [
        0.7953416303231032,
        -0.6047919013039454,
        -0.040724037031546666,
        3568757.33000693
      ],
      [
        0.6058395218787259,
        0.7953124971513894,
        0.020892716543760584,
        5273569.515370546
      ],
      [
        0.019752589823739675,
        -0.04128907836195677,
        0.9989519744228325,
        -367286.44240152015
      ],
      [
        0.0,
        0.0,
        0.0,
        1.0
      ]
    ],
    [
      [
        0.7953416303231032,
        -0.6047919013039454,
        -0.040724037031546666,
        3568757.33000693
      ],
      [
        0.6058395218787259,
        0.7953124971513894,
        0.020892716543760584,
        5273569.515370546
      ],
      [
        0.019752589823739675,
        -0.04128907836195677,
        0.9989519744228325,
        -367286.44240152015
      ],
      [
        0.0,
        0.0,
        0.0,
        1.0
      ]
    ],
    [
      [
        0.7950898060838616,
        -0.6051056638666836,
        -0.04097970007195527,
        3568757.161083427
      ],
      [
        0.6061573359420538,
        0.795078779925009,
        0.020567396446589937,
        5273569.67869174
      ],
      [
        0.02013664185407992,
        -0.041193073075689896,
        0.9989482701248455,
        -367285.9579861079
      ],
      [
        0.0,
        0.0,
        0.0,
        1.0
      ]
    ],
    [
      [
        0.7950898060838616,
        -0.6051056638666836,
        -0.04097970007195527,
        3568757.161083427
      ],
      [
        0.6061573359420538,
        0.795078779925009,
        0.020567396446589937,
        5273569.67869174
      ],
      [
        0.02013664185407992,
        -0.041193073075689896,
        0.9989482701248455,
        -367285.9579861079
      ],
      [
        0.0,
        0.0,
        0.0,
        1.0
      ]
    ],
    [
      [
        0.7948175656568752,
        -0.6054363675565357,
        -0.04137441435508435,
        3568756.9940254786
      ],
      [
        0.6064958228416313,
        0.7948312366166813,
        0.020152473149713697,
        5273569.839701293
      ],
      [
        0.020684636785099384,
        -0.04111094912969847,
        0.9989404565151638,
        -367285.45800061966
      ],
      [
        0.0,
        0.0,
        0.0,
        1.0
      ]
    ],
    [
      [
        0.7948175656568752,
        -0.6054363675565357,
        -0.04137441435508435,
        3568756.9940254786
      ],
      [
        0.6064958228416313,
        0.7948312366166813,
        0.020152473149713697,
        5273569.839701293
      ],
      [
        0.020684636785099384,
        -0.04111094912969847,
        0.9989404565151638,
        -367285.45800061966
      ],
      [
        0.0,
        0.0,
        0.0,
        1.0
      ]
    ],
    [
      [
        0.7946275602514196,
        -0.605661685227999,
        -0.041724855130453965,
        3568756.831627904
      ],
      [
        0.6067347821802582,
        0.7946498369466323,
        0.02011319798952798,
        5273569.992926297
      ],
      [
        0.020974855936375165,
        -0.04129842233635118,
        0.9989266718488287,
        -367284.9656254176
      ],
      [
        0.0,
        0.0,
        0.0,
        1.0
      ]
    ],
    [
      [
        0.7946275602514196,
        -0.605661685227999,
        -0.041724855130453965,
        3568756.831627904
      ],
      [
        0.6067347821802582,
        0.7946498369466323,
        0.02011319798952798,
        5273569.992926297
      ],
      [
        0.020974855936375165,
        -0.04129842233635118,
        0.9989266718488287,
        -367284.9656254176
      ],
      [
        0.0,
        0.0,
        0.0,
        1.0
      ]
    ],
    [
      [
        0.794537778956812,
        -0.6057846609882538,
        -0.041649277565431846,
        3568756.6644915026
      ],
      [
        0.606848467816715,
        0.794570398724644,
        0.019819651335613583,
        5273570.149889129
      ],
      [
        0.021086842316508488,
        -0.041022262028152234,
        0.9989356931750972,
        -367284.4838387466
      ],
      [
        0.0,
        0.0,
        0.0,
        1.0
      ]
    ],
    [
      [
        0.794537778956812,
        -0.6057846609882538,
        -0.041649277565431846,
        3568756.6644915026
      ],
      [
        0.606848467816715,
        0.794570398724644,
        0.019819651335613583,
        5273570.149889129
      ],
      [
        0.021086842316508488,
        -0.041022262028152234,
        0.9989356931750972,
        -367284.4838387466
      ],
      [
        0.0,
        0.0,
        0.0,
        1.0
      ]
    ],
    [
      [
        0.7943727117361146,
        -0.6059968697316912,
        -0.041710774679973,
        3568756.5134632895
      ],
      [
        0.6070719901326095,
        0.7943891067178293,
        0.020237241029405086,
        5273570.316426438
      ],
      [
        0.020870880322707175,
        -0.04139735502952994,
        0.9989247545992213,
        -367284.0066714069
      ],
      [
        0.0,
        0.0,
        0.0,
        1.0
      ]
    ],
    [
      [
        0.7943727117361146,
        -0.6059968697316912,
        -0.041710774679973,
        3568756.5134632895
      ],
      [
        0.6070719901326095,
